2.02973 0.029
2.04928 0.027875
2.04929 0.0268906
2.04929 0.0260293
2.04929 0.0252756
2.0493 0.0246162
2.06841 0.0264142
2.06895 0.0254874
2.06895 0.0246765
2.06895 0.0239669
2.06895 0.023346
2.06895 0.0228028
2.06896 0.0223274
2.06896 0.0219115
2.06897 0.0215476
2.08753 0.0236041
2.08797 0.0230286
2.08852 0.02265
2.08852 0.0223188
2.08852 0.0220289
2.08852 0.0217753
2.08852 0.0215534
2.08852 0.0213592
2.08852 0.0211893
2.08853 0.0210407
2.089 0.0210356
2.08901 0.0210311
2.08901 0.0210272
2.08901 0.0210238
2.08901 0.0210209
2.08901 0.0210182
2.08901 0.021016
2.08902 0.021014
2.10665 0.0231372
2.1071 0.0227451
2.10751 0.0224019
2.10752 0.0221017
2.10849 0.021964
2.10849 0.0217185
2.10849 0.0215037
2.10849 0.0213157
2.10849 0.0211512
2.10849 0.0210073
2.10849 0.0208814
2.10849 0.0207712
2.10849 0.0206748
2.10849 0.0205905
2.10849 0.0205167
2.10849 0.0204521
2.10849 0.0203956
2.10849 0.0203461
2.1085 0.0203029
2.1085 0.020265
2.1085 0.0202319
2.1085 0.0200779
2.1085 0.0199432
2.1085 0.0198253
2.1085 0.0197221
2.10851 0.0196318
2.10911 0.0196779
2.10911 0.0197181
2.10911 0.0197534
2.10911 0.0197842
2.10911 0.0198112
2.10911 0.0198348
2.10911 0.0198554
2.10911 0.0198735
2.10911 0.0198893
2.10912 0.0199031
2.12577 0.0219153
2.12622 0.0216758
2.12683 0.0214664
2.12683 0.0211581
2.12683 0.0208883
2.12683 0.0206523
2.12683 0.0204457
2.12684 0.020265
2.1276 0.0202319
2.13079 0.0204529
2.13079 0.0206463
2.1308 0.0208155
2.1308 0.0209636
2.1308 0.0210931
2.1308 0.0212065
2.1308 0.0213057
2.1308 0.0213925
2.1308 0.0214684
2.1308 0.0215349
2.1308 0.021593
2.1308 0.0216439
2.1308 0.0216884
2.1308 0.0217273
2.1308 0.0217614
2.1308 0.0217912
2.1308 0.0218173
2.13081 0.0218402
2.13081 0.0218601
2.13081 0.0218776
2.13081 0.0218929
2.13081 0.0219063
2.13081 0.021918
2.13081 0.0219283
2.13081 0.0219372
2.13081 0.0219451
2.13081 0.0219519
2.13081 0.021958
2.13081 0.0219632
2.13081 0.0219678
2.13081 0.0219718
2.13081 0.0219754
2.13081 0.0219784
2.13082 0.0219811
2.13082 0.0219835
2.13082 0.0219855
2.13082 0.0219874
2.13082 0.0219889
2.13082 0.0219903
2.13082 0.0219915
2.13082 0.0219926
2.13082 0.0219935
2.13082 0.0219943
2.13082 0.021995
2.13082 0.0218707
2.13082 0.0217618
2.13082 0.0216666
2.13082 0.0215833
2.13082 0.0215104
2.13083 0.0214466
2.13083 0.0213907
2.13083 0.0213419
2.13083 0.0212992
2.13083 0.0212618
2.13083 0.021229
2.13083 0.0212004
2.13083 0.0211754
2.13083 0.0211534
2.13083 0.0211343
2.13083 0.0211175
2.13083 0.0211028
2.13083 0.0210899
2.13083 0.0210787
2.14489 0.0228189
2.1455 0.0224665
2.1455 0.0221582
2.14552 0.0217634
2.14595 0.021418
2.14654 0.0212407
2.14654 0.0210856
2.14654 0.0209499
2.14654 0.0208312
2.14654 0.0207273
2.14654 0.0206364
2.14654 0.0205568
2.14654 0.0204872
2.14654 0.0204263
2.14654 0.020373
2.14655 0.0203264
2.14696 0.0202856
2.14697 0.0201249
2.14992 0.0203593
2.15104 0.0204394
2.15104 0.0205095
2.15104 0.0205708
2.15104 0.0206244
2.15104 0.0206714
2.15104 0.0207125
2.15104 0.0207484
2.15104 0.0207798
2.15104 0.0208074
2.15104 0.0208314
2.15104 0.0208525
2.15105 0.0208709
2.15105 0.0208871
2.15105 0.0209012
2.15105 0.0209135
2.15105 0.0209244
2.15105 0.0209338
2.15105 0.0209421
2.15105 0.0209493
2.15105 0.0209557
2.15105 0.0209612
2.15105 0.020966
2.15105 0.0209703
2.15105 0.020974
2.15105 0.0209773
2.15105 0.0209801
2.15105 0.0209826
2.15106 0.0209848
2.15106 0.0209867
2.15106 0.0209883
2.15179 0.0209898
2.15179 0.0209911
2.15179 0.0209922
2.15179 0.0209932
2.15179 0.020994
2.15179 0.0209948
2.15179 0.0209954
2.15179 0.020996
2.15179 0.0209965
2.15179 0.0209969
2.1518 0.0209973
2.1518 0.0209976
2.1518 0.0209979
2.1518 0.0209982
2.1518 0.0209984
2.1518 0.0209986
2.1518 0.0209988
2.1518 0.0209989
2.1518 0.0209991
2.1518 0.0209992
2.1518 0.0209993
2.15371 0.0212494
2.15371 0.0214682
2.15371 0.0216597
2.15371 0.0218272
2.15371 0.0219738
2.15371 0.0221021
2.15371 0.0222143
2.15372 0.0223125
2.15372 0.0223985
2.15372 0.0224737
2.15372 0.0225395
2.15372 0.022597
2.15372 0.0226474
2.15372 0.0226915
2.15372 0.02273
2.15372 0.0227638
2.15372 0.0227933
2.15372 0.0228191
2.15372 0.0228417
2.15372 0.0228615
2.15372 0.0228788
2.15372 0.022894
2.15372 0.0229072
2.15373 0.0229188
2.15373 0.022929
2.15373 0.0229379
2.15373 0.0229456
2.15373 0.0229524
2.15373 0.0229584
2.15373 0.0229636
2.15373 0.0229681
2.15373 0.0229721
2.15373 0.0229756
2.15373 0.0229786
2.15373 0.0229813
2.15373 0.0229836
2.15373 0.0229857
2.15373 0.0229875
2.15374 0.022989
2.15374 0.0229904
2.15374 0.0229916
2.15374 0.0229927
2.15374 0.0229936
2.15374 0.0229944
2.15374 0.0229951
2.15374 0.0229957
2.15374 0.0229962
2.15374 0.0229967
2.15374 0.0229971
2.15374 0.0229975
2.15374 0.0229978
2.15374 0.0229981
2.15374 0.0229983
2.15374 0.0229985
2.15375 0.0229987
2.15375 0.0229989
2.15375 0.022999
2.15375 0.0229991
2.15375 0.0229992
2.15375 0.0229993
2.15375 0.0229994
2.15375 0.0229995
2.15375 0.0229996
2.15431 0.0231246
2.15431 0.023234
2.15431 0.0233298
2.15431 0.0234136
2.15431 0.0234869
2.15431 0.023551
2.15431 0.0236071
2.15431 0.0236562
2.15431 0.0236992
2.15431 0.0237368
2.15432 0.0237697
2.16401 0.0250485
2.16439 0.0244174
2.16481 0.0238652
2.16481 0.0232571
2.16482 0.022725
2.16528 0.0223843
2.16528 0.0220863
2.16528 0.0218255
2.16528 0.0215973
2.16529 0.0213977
2.1657 0.0212229
2.16644 0.0210701
2.16644 0.0209363
2.16644 0.0208193
2.16644 0.0207169
2.16644 0.0206273
2.16644 0.0205488
2.16644 0.0204802
2.16644 0.0204202
2.16644 0.0203677
2.16644 0.0203217
2.16644 0.0202815
2.16644 0.0202463
2.16645 0.0202155
2.16645 0.0201886
2.16645 0.020165
2.16645 0.0201444
2.16645 0.0201263
2.16702 0.0202355
2.16702 0.0203311
2.16702 0.0204147
2.16702 0.0204879
2.16702 0.0205519
2.16702 0.0206079
2.16702 0.0206569
2.16703 0.0206998
2.16904 0.0209873
2.16946 0.0208639
2.17016 0.0208809
2.17092 0.0206458
2.17092 0.0204401
2.17092 0.0202601
2.17092 0.0201026
2.17093 0.0199647
2.17093 0.0198441
2.17093 0.0197386
2.17093 0.0196463
2.17093 0.0195655
2.17093 0.0194948
2.17093 0.019433
2.17093 0.0193788
2.17093 0.0193315
2.17093 0.0192901
2.17093 0.0192538
2.17094 0.0192221
2.17231 0.0194443
2.17231 0.0196388
2.17231 0.0198089
2.17231 0.0199578
2.17231 0.0200881
2.17231 0.0202021
2.17231 0.0203018
2.17232 0.0203891
2.17232 0.0204654
2.17232 0.0205323
2.17232 0.0205907
2.17232 0.0206419
2.17232 0.0206867
2.17232 0.0207258
2.17232 0.0207601
2.17232 0.0207901
2.17232 0.0208163
2.17232 0.0208393
2.17232 0.0208594
2.17232 0.0208769
2.17232 0.0208923
2.17232 0.0209058
2.17232 0.0209176
2.17233 0.0209279
2.17233 0.0209369
2.17233 0.0209448
2.17233 0.0209517
2.17233 0.0209577
2.17233 0.020963
2.17233 0.0209676
2.17233 0.0209717
2.17233 0.0209752
2.17233 0.0209783
2.17233 0.020981
2.17233 0.0209834
2.17233 0.0209855
2.17233 0.0209873
2.17233 0.0209889
2.17233 0.0209903
2.17234 0.0209915
2.17234 0.0209925
2.17234 0.0209935
2.17317 0.0211193
2.17317 0.0212294
2.17317 0.0213257
2.17317 0.02141
2.17317 0.0214837
2.17317 0.0215483
2.17317 0.0216047
2.17317 0.0216541
2.17317 0.0216974
2.17317 0.0217352
2.17318 0.0217683
2.17318 0.0217973
2.17318 0.0218226
2.17318 0.0218448
2.17318 0.0218642
2.17318 0.0218812
2.17318 0.021896
2.17318 0.021909
2.17318 0.0219204
2.17318 0.0219303
2.17318 0.021939
2.17394 0.0219467
2.17394 0.0219533
2.17394 0.0219592
2.17394 0.0219643
2.17394 0.0219687
2.17395 0.0219726
2.17395 0.0219761
2.17395 0.0219791
2.17395 0.0219817
2.17395 0.021984
2.17395 0.021986
2.17395 0.0219877
2.17395 0.0219893
2.17395 0.0219906
2.17395 0.0219918
2.17395 0.0219928
2.17395 0.0219937
2.17395 0.0219945
2.17395 0.0219952
2.17395 0.0219958
2.17395 0.0219963
2.17477 0.0221218
2.17477 0.0222315
2.17477 0.0220776
2.17477 0.0219429
2.17477 0.021825
2.17477 0.0217219
2.17477 0.0216317
2.17477 0.0215527
2.17477 0.0214836
2.17477 0.0214232
2.17478 0.0213703
2.17478 0.021324
2.17478 0.0212835
2.17478 0.0212481
2.17478 0.021217
2.17478 0.0211899
2.17478 0.0211662
2.17478 0.0211454
2.17478 0.0211272
2.17478 0.0211113
2.17478 0.0210974
2.17609 0.0213352
2.17609 0.0215433
2.17609 0.0217254
2.1761 0.0218847
2.1761 0.0220241
2.1761 0.0221461
2.1761 0.0222529
2.1761 0.0223462
2.1761 0.022428
2.1761 0.0224995
2.1761 0.022562
2.1761 0.0226168
2.1761 0.0226647
2.1761 0.0227066
2.1761 0.0227433
2.1761 0.0227754
2.1761 0.0228034
2.1761 0.022828
2.17611 0.0228495
2.17611 0.0228683
2.17611 0.0228848
2.17611 0.0228992
2.17611 0.0229118
2.17611 0.0229228
2.17611 0.0229325
2.17611 0.0229409
2.17611 0.0229483
2.17611 0.0229548
2.17611 0.0229604
2.17611 0.0229654
2.17611 0.0229697
2.17611 0.0229735
2.17611 0.0229768
2.17611 0.0229797
2.17612 0.0229822
2.17612 0.0229845
2.17612 0.0229864
2.17612 0.0229881
2.17612 0.0229896
2.17612 0.0229909
2.17612 0.022992
2.17612 0.022993
2.17693 0.0229939
2.17693 0.0229947
2.17694 0.0229953
2.17694 0.0229959
2.17694 0.0229964
2.17694 0.0229969
2.17694 0.0229973
2.17694 0.0229976
2.17694 0.0229979
2.17694 0.0229982
2.17694 0.0229984
2.17694 0.0229986
2.17694 0.0229988
2.17694 0.0229989
2.17694 0.0229991
2.17694 0.0229992
2.17694 0.0229993
2.17694 0.0229994
2.17695 0.0229994
2.17695 0.0229995
2.17695 0.0229996
2.17778 0.0231246
2.17778 0.023234
2.17778 0.0233298
2.17778 0.0234136
2.17778 0.0234869
2.17778 0.023551
2.17778 0.0236071
2.17778 0.0236562
2.17778 0.0236992
2.17778 0.0237368
2.17779 0.0237697
2.17779 0.0237985
2.17779 0.0238237
2.17779 0.0238457
2.17779 0.023865
2.17779 0.0238819
2.17779 0.0238966
2.17779 0.0239096
2.17779 0.0239209
2.17779 0.0239308
2.17779 0.0239394
2.17861 0.024072
2.17862 0.024188
2.17862 0.0242895
2.17862 0.0243783
2.17862 0.024456
2.17862 0.024524
2.17862 0.0245835
2.17862 0.0246356
2.17862 0.0246811
2.17862 0.024721
2.17862 0.0247559
2.17862 0.0247864
2.17862 0.0248131
2.17862 0.0248364
2.17862 0.0248569
2.17862 0.0248748
2.17862 0.0248904
2.17863 0.0249041
2.17863 0.0249161
2.17863 0.0249266
2.17863 0.0249358
2.17962 0.0250688
2.17962 0.0251852
2.17962 0.025162
2.17962 0.0251418
2.17962 0.0251241
2.17963 0.0251086
2.17963 0.025095
2.17963 0.0250831
2.17963 0.0250727
2.17963 0.0250636
2.17963 0.0250557
2.17963 0.0250487
2.17963 0.0250426
2.17963 0.0250373
2.17963 0.0250326
2.17963 0.0250286
2.17963 0.025025
2.17963 0.0250219
2.17963 0.0250191
2.17963 0.0250167
2.17963 0.0250146
2.17964 0.0250128
2.17965 0.0250112
2.18313 0.0255098
2.18349 0.0246961
2.1839 0.0239841
2.18392 0.0233611
2.18442 0.0229409
2.18442 0.0225733
2.18442 0.0222516
2.18442 0.0219702
2.18443 0.0217239
2.18444 0.0215084
2.18519 0.0214449
2.18519 0.0212643
2.18519 0.0211062
2.18519 0.020968
2.18519 0.020847
2.18519 0.0207411
2.18519 0.0206485
2.18519 0.0205674
2.18519 0.0204965
2.18519 0.0204344
2.18519 0.0203801
2.1852 0.0203326
2.18555 0.020291
2.18694 0.0202546
2.18694 0.0202228
2.18694 0.020195
2.18694 0.0201706
2.18694 0.0201493
2.18694 0.0201306
2.18694 0.0201143
2.18695 0.0201
2.18695 0.0200875
2.18695 0.0200766
2.18695 0.020067
2.18695 0.0200586
2.18695 0.0200513
2.18958 0.0204199
2.18958 0.0207424
2.18958 0.0210246
2.18958 0.0212715
2.18958 0.0214876
2.18958 0.0216766
2.18958 0.0218421
2.18958 0.0219868
2.18958 0.0221134
2.18959 0.0222243
2.18959 0.0223212
2.18959 0.0224061
2.18959 0.0224803
2.18959 0.0225453
2.18959 0.0226021
2.18959 0.0226519
2.18959 0.0226954
2.18959 0.0227334
2.18959 0.0227668
2.18959 0.0227959
2.18959 0.0228214
2.18959 0.0227188
2.18959 0.0226289
2.18959 0.0225503
2.18959 0.0224815
2.1896 0.0224213
2.1896 0.0223687
2.1896 0.0223226
2.1896 0.0222822
2.1896 0.022247
2.1896 0.0222161
2.1896 0.0221891
2.1896 0.0221654
2.1896 0.0221448
2.1896 0.0221267
2.1896 0.0221108
2.1896 0.022097
2.1896 0.0218349
2.1896 0.0216055
2.1896 0.0214048
2.1896 0.0212292
2.18961 0.0209506
2.19004 0.0208317
2.19066 0.0207278
2.19066 0.0206368
2.19066 0.0205572
2.19066 0.0204875
2.19067 0.0204266
2.19067 0.0203733
2.19067 0.0203266
2.19067 0.0202858
2.19067 0.0202501
2.19067 0.0202188
2.19067 0.0201915
2.19067 0.0201675
2.19067 0.0201466
2.19068 0.0201283
2.19174 0.0202372
2.19174 0.0203326
2.19174 0.020416
2.19174 0.020489
2.19174 0.0205529
2.19174 0.0206088
2.19174 0.0206577
2.19174 0.0207005
2.19174 0.0207379
2.19174 0.0207707
2.19174 0.0207993
2.19175 0.0208244
2.19175 0.0208464
2.19175 0.0208656
2.19175 0.0208824
2.19175 0.0208971
2.19175 0.0209099
2.19175 0.0209212
2.19175 0.020681
2.19175 0.0204709
2.19175 0.020287
2.19175 0.0201262
2.19175 0.0199854
2.19175 0.0198622
2.19176 0.0197544
2.19255 0.0197851
2.19255 0.019812
2.19255 0.0198355
2.19255 0.0198561
2.19255 0.019874
2.19255 0.0198898
2.19256 0.0199036
2.19256 0.0199156
2.19256 0.0199262
2.19256 0.0199354
2.19256 0.0199435
2.19256 0.0199505
2.19256 0.0199567
2.19256 0.0199621
2.19256 0.0199669
2.19256 0.019971
2.19256 0.0199746
2.19256 0.0199778
2.19256 0.0199806
2.19256 0.019983
2.19256 0.0199851
2.19393 0.020112
2.19393 0.020223
2.19393 0.0203201
2.19393 0.0204051
2.19393 0.0204795
2.19393 0.0205445
2.19393 0.0206015
2.19393 0.0206513
2.19394 0.0206949
2.19394 0.020733
2.19394 0.0207664
2.19394 0.0207956
2.19394 0.0208211
2.19394 0.0208435
2.19394 0.0208631
2.19394 0.0208802
2.19394 0.0208952
2.19394 0.0209083
2.19394 0.0209197
2.19394 0.0209298
2.19394 0.0209385
2.19394 0.0209462
2.19394 0.0209529
2.19395 0.0209588
2.19395 0.020964
2.19395 0.0209685
2.19395 0.0209724
2.19395 0.0209759
2.19395 0.0209789
2.19395 0.0209815
2.19395 0.0209838
2.19395 0.0209859
2.19395 0.0209876
2.19395 0.0209892
2.19395 0.0209905
2.19395 0.0209917
2.19395 0.0209927
2.19395 0.0209936
2.19395 0.0209944
2.19396 0.0209951
2.19396 0.0209957
2.19396 0.0209963
2.19473 0.0211217
2.19473 0.0212315
2.19473 0.0213276
2.19473 0.0214116
2.19473 0.0214852
2.19473 0.0215495
2.19473 0.0216058
2.19473 0.0216551
2.19473 0.0216982
2.19473 0.0217359
2.19473 0.0217689
2.19473 0.0217978
2.19473 0.0218231
2.19473 0.0218452
2.19473 0.0217396
2.19474 0.0216471
2.19474 0.0215662
2.19474 0.0214954
2.19474 0.0214335
2.19474 0.0213793
2.19474 0.0213319
2.19557 0.0214154
2.19557 0.0214885
2.19557 0.0215524
2.19557 0.0216084
2.19557 0.0216573
2.19557 0.0217002
2.19557 0.0217376
2.19558 0.0217704
2.19558 0.0217991
2.19558 0.0218242
2.19558 0.0218462
2.19558 0.0218654
2.19558 0.0218823
2.19558 0.021897
2.19558 0.0219098
2.19558 0.0219211
2.19558 0.021931
2.19558 0.0219396
2.19558 0.0219472
2.19558 0.0219538
2.19558 0.0219595
2.19642 0.0220896
2.19642 0.0222034
2.19642 0.022303
2.19642 0.0223901
2.19642 0.0224663
2.19642 0.022533
2.19642 0.0225914
2.19642 0.0226425
2.19642 0.0226872
2.19642 0.0227263
2.19642 0.0227605
2.19642 0.0227904
2.19642 0.0228166
2.19642 0.0228395
2.19642 0.0228596
2.19643 0.0228772
2.19643 0.0228925
2.19643 0.0229059
2.19643 0.0229177
2.19643 0.022928
2.19643 0.022937
2.19724 0.0230699
2.19724 0.0231861
2.19724 0.0232879
2.19724 0.0233769
2.19724 0.0234548
2.19725 0.0235229
2.19725 0.0235826
2.19725 0.0236347
2.19725 0.0236804
2.19725 0.0237203
2.19725 0.0237553
2.19725 0.0237859
2.19725 0.0238127
2.19725 0.0238361
2.19725 0.0238566
2.19725 0.0238745
2.19725 0.0238902
2.19725 0.0239039
2.19725 0.0239159
2.19725 0.0239264
2.19726 0.0239356
2.19918 0.0241937
2.19918 0.0244195
2.19918 0.024617
2.19918 0.0247899
2.19919 0.0249412
2.19919 0.0250735
2.19919 0.0251893
2.19919 0.0252907
2.19919 0.0253793
2.19919 0.0254569
2.19919 0.0255248
2.19919 0.0255842
2.19919 0.0256362
2.19919 0.0256816
2.19919 0.0255964
2.19919 0.0255219
2.19919 0.0254567
2.19919 0.0253996
2.19919 0.0253496
2.19919 0.0253059
2.1992 0.0252677
2.1992 0.0252342
2.1992 0.0252049
2.1992 0.0251793
2.1992 0.0251569
2.1992 0.0251373
2.1992 0.0251201
2.1992 0.0251051
2.1992 0.025092
2.1992 0.0250805
2.1992 0.0250704
2.1992 0.0250616
2.1992 0.0250539
2.1992 0.0250472
2.1992 0.0250413
2.1992 0.0250361
2.19921 0.0250316
2.19921 0.0250276
2.19921 0.0250242
2.19921 0.0250212
2.19921 0.0250185
2.19921 0.0250162
2.19921 0.0250142
2.19921 0.0250124
2.19921 0.0250109
2.19921 0.0250095
2.19921 0.0250083
2.19921 0.0250073
2.19921 0.0250064
2.19921 0.0250056
2.19921 0.0250049
2.19922 0.0250043
2.19922 0.0250037
2.19922 0.0250033
2.19922 0.0250029
2.19922 0.0250025
2.19922 0.0247522
2.19922 0.0245332
2.19922 0.0243415
2.19922 0.0241738
2.19922 0.0240271
2.19922 0.0238987
2.19922 0.0237864
2.20095 0.0238131
2.20095 0.0238364
2.20095 0.0238569
2.20095 0.0238748
2.20095 0.0238904
2.20095 0.0239041
2.20095 0.0239161
2.20095 0.0239266
2.20095 0.0239358
2.20095 0.0239438
2.20095 0.0239508
2.20095 0.023957
2.20096 0.0239623
2.20096 0.0239671
2.20096 0.0239712
2.20096 0.0239748
2.20096 0.0239779
2.20096 0.0239807
2.20096 0.0239831
2.20096 0.0239852
2.20096 0.0239871
2.20096 0.0239887
2.20096 0.0239901
2.20096 0.0239913
2.20096 0.0239924
2.20096 0.0239934
2.20096 0.0239942
2.20097 0.0239949
2.20097 0.0239956
2.20097 0.0239961
2.20097 0.0239966
2.20097 0.023997
2.20097 0.0239974
2.20097 0.0239977
2.20097 0.023998
2.20097 0.0239982
2.20097 0.0239985
2.20097 0.0239987
2.20097 0.0239988
2.20097 0.023999
2.20097 0.0239991
2.20097 0.0239992
2.20178 0.0241243
2.20178 0.0242338
2.20178 0.0243295
2.20178 0.0244134
2.20178 0.0244867
2.20178 0.0245508
2.20178 0.024607
2.20178 0.0246561
2.20178 0.0246991
2.20179 0.0247367
2.20179 0.0247696
2.20179 0.0247984
2.20179 0.0248236
2.20179 0.0248457
2.20179 0.024865
2.20179 0.0248818
2.20179 0.0248966
2.20179 0.0249095
2.20179 0.0249208
2.20179 0.0249307
2.20179 0.0249394
2.20427 0.025322
2.20427 0.0256567
2.20427 0.0259496
2.20427 0.0262059
2.20427 0.0264302
2.20427 0.0266264
2.20428 0.0267981
2.20428 0.0269483
2.20428 0.0270798
2.20428 0.0271948
2.20428 0.0272955
2.20428 0.0273835
2.20428 0.0274606
2.20428 0.027528
2.20428 0.027587
2.20428 0.0276386
2.20428 0.0276838
2.20428 0.0277233
2.20428 0.0277579
2.20428 0.0277882
2.20428 0.0278147
2.20429 0.0278378
2.20429 0.0278581
2.20429 0.0278758
2.20429 0.0278914
2.20429 0.0279049
2.20429 0.0279168
2.20429 0.0279272
2.20429 0.0279363
2.20429 0.0279443
2.20429 0.0279512
2.20429 0.0279573
2.20429 0.0279627
2.20429 0.0279673
2.20429 0.0279714
2.20429 0.027975
2.20429 0.0279781
2.2043 0.0279808
2.2043 0.0279832
2.2043 0.0279853
2.2043 0.0279872
2.2043 0.0279888
2.2043 0.0279902
2.2043 0.0279914
2.2043 0.0279925
2.2043 0.0279934
2.2043 0.0279942
2.2043 0.027995
2.2043 0.0279956
2.2043 0.0279961
2.2043 0.0279966
2.2043 0.027997
2.2043 0.0279974
2.20431 0.0279977
2.20431 0.027998
2.20431 0.0279983
2.20431 0.0278735
2.20431 0.0277643
2.20431 0.0276688
2.20431 0.0275852
2.20431 0.027512
2.20431 0.027448
2.20431 0.027392
2.20433 0.027343
2.2045 0.0273001
2.2045 0.0272626
2.2045 0.0272298
2.2045 0.0272011
2.2045 0.0271759
2.2045 0.0271539
2.2045 0.0271347
2.2045 0.0271179
2.2045 0.0271031
2.2045 0.0270902
2.2045 0.027079
2.2045 0.0270691
2.2045 0.0270604
2.20451 0.0270529
2.20451 0.0270463
2.20451 0.0270405
2.20451 0.0270354
2.20451 0.027031
2.20451 0.0270271
2.20451 0.0270237
2.20528 0.0271458
2.20528 0.0272525
2.20528 0.027346
2.20528 0.0274277
2.20528 0.0274993
2.20528 0.0275619
2.20528 0.0276166
2.20528 0.0276645
2.20528 0.0277065
2.20528 0.0277432
2.20529 0.0277753
2.20529 0.0278034
2.20529 0.0278279
2.20529 0.0278494
2.20529 0.0277433
2.20529 0.0276504
2.20529 0.0275691
2.20529 0.0274979
2.20529 0.0274357
2.20529 0.0273812
2.20529 0.0273336
2.20668 0.0274169
2.20668 0.0274898
2.20668 0.0275535
2.20668 0.0276094
2.20668 0.0276582
2.20668 0.0277009
2.20668 0.0277383
2.20668 0.027771
2.20668 0.0277996
2.20668 0.0278247
2.20668 0.0278466
2.20668 0.0278658
2.20668 0.0278825
2.20668 0.0278972
2.20668 0.0279101
2.20669 0.0279213
2.20669 0.0279311
2.20669 0.0279398
2.20669 0.0279473
2.20669 0.0279539
2.20669 0.0279596
2.20669 0.0279647
2.20669 0.0279691
2.20669 0.027973
2.20669 0.0279763
2.20669 0.0279793
2.20669 0.0279819
2.20669 0.0279841
2.20669 0.0279861
2.20669 0.0279879
2.2067 0.0279894
2.2067 0.0279907
2.2067 0.0279919
2.2067 0.0279929
2.2067 0.0279938
2.2067 0.0278695
2.2067 0.0277609
2.2067 0.0276657
2.2067 0.0275825
2.2067 0.0275097
2.2067 0.027446
2.2067 0.0273902
2.20809 0.0275915
2.20809 0.0277675
2.20809 0.0279216
2.20809 0.0280564
2.20809 0.0281743
2.20809 0.0282775
2.20809 0.0283679
2.20809 0.0284469
2.20809 0.028516
2.20809 0.0285765
2.20809 0.0286294
2.20809 0.0286758
2.20809 0.0287163
2.20809 0.0287518
2.2081 0.0287828
2.2081 0.0288099
2.2081 0.0288337
2.2081 0.0288545
2.2081 0.0288727
2.2081 0.0288886
2.2081 0.0289025
2.2081 0.0289147
2.2081 0.0289254
2.2081 0.0289347
2.2081 0.0289429
2.2081 0.02895
2.2081 0.0289562
2.2081 0.0289617
2.2081 0.0289665
2.20811 0.0289707
2.20811 0.0289744
2.20811 0.0289776
2.20811 0.0289804
2.20811 0.0289828
2.20811 0.028985
2.20811 0.0289868
2.20811 0.0289885
2.20811 0.0289899
2.20811 0.0289912
2.20811 0.0284923
2.20811 0.0280558
2.20811 0.0276738
2.20998 0.0274646
2.20998 0.0272815
2.20998 0.0271213
2.20998 0.0269811
2.20998 0.0268585
2.20998 0.0266262
2.20998 0.0264229
2.20998 0.026245
2.20998 0.0260894
2.20998 0.0259532
2.20998 0.0258341
2.20998 0.0257298
2.20999 0.0256386
2.20999 0.0255588
2.20999 0.0254889
2.20999 0.0254278
2.20999 0.0253743
2.20999 0.0252025
2.20999 0.0250522
2.20999 0.0249207
2.20999 0.0248056
2.20999 0.0247049
2.20999 0.0246168
2.20999 0.0245397
2.20999 0.0244722
2.20999 0.0244132
2.20999 0.0243615
2.20999 0.0243164
2.21 0.0242768
2.21 0.0242422
2.21 0.0242119
2.21 0.0241854
2.21 0.0241623
2.21 0.024142
2.21 0.0241242
2.21 0.0241087
2.21 0.0242201
2.21 0.0243176
2.21 0.0244029
2.21 0.0244775
2.21 0.0245428
2.21 0.0246
2.21 0.02465
2.21001 0.0245687
2.21001 0.0244976
2.21001 0.0244354
2.21001 0.024381
2.21001 0.0243334
2.21001 0.0242917
2.21001 0.0242552
2.21001 0.0242233
2.21001 0.0241954
2.21001 0.024171
2.21001 0.0241496
2.21001 0.0241309
2.21001 0.0241146
2.21001 0.0241002
2.21001 0.0240877
2.21001 0.0240767
2.21002 0.0240671
2.21002 0.0240588
2.21002 0.0240514
2.21002 0.024045
2.21137 0.0241644
2.21138 0.0242688
2.21138 0.0243602
2.21138 0.0244402
2.21138 0.0245102
2.21138 0.0245714
2.21138 0.02425
2.21138 0.0239687
2.21138 0.0237226
2.21138 0.0235073
2.21138 0.0233189
2.21138 0.023154
2.21138 0.0230098
2.21138 0.0228836
2.21138 0.0227731
2.21138 0.0226765
2.21138 0.0225919
2.21139 0.0225179
2.21139 0.0224532
2.21139 0.0223965
2.21139 0.022347
2.21139 0.0223036
2.21139 0.0222656
2.21139 0.0222324
2.21139 0.0222034
2.21139 0.022178
2.21139 0.0221557
2.21139 0.0221362
2.21139 0.0221192
2.21139 0.0221043
2.21139 0.0220913
2.21139 0.0220799
2.2114 0.0220699
2.2114 0.0220611
2.2114 0.0220535
2.2114 0.0220468
2.2114 0.022041
2.2114 0.0220358
2.2114 0.0220314
2.2114 0.0220274
2.2114 0.022024
2.2114 0.022021
2.21222 0.0221434
2.21222 0.0222505
2.21223 0.0223442
2.21223 0.0224261
2.21223 0.0224979
2.21223 0.0225606
2.21223 0.0226156
2.21223 0.0226636
2.21223 0.0227057
2.21223 0.0227424
2.21223 0.0227746
2.21223 0.0228028
2.21223 0.0228275
2.21223 0.022849
2.21223 0.0228679
2.21223 0.0228844
2.21223 0.0228989
2.21224 0.0229115
2.21224 0.0229226
2.21224 0.0229322
2.21224 0.0229407
2.21307 0.0230731
2.21307 0.023189
2.21307 0.0232904
2.21307 0.0233791
2.21307 0.0234567
2.21307 0.0235246
2.21307 0.023584
2.21307 0.023636
2.21307 0.0236815
2.21307 0.0237213
2.21308 0.0237562
2.21308 0.0237866
2.21308 0.0238133
2.21308 0.0238366
2.21308 0.0238571
2.21308 0.0238749
2.21308 0.0238906
2.21308 0.0239042
2.21308 0.0239162
2.21308 0.0239267
2.21308 0.0239358
2.21381 0.0239439
2.21382 0.0239509
2.21382 0.023957
2.21382 0.0239624
2.21382 0.0239671
2.21382 0.0239712
2.21382 0.0238498
2.21382 0.0237436
2.21382 0.0236506
2.21382 0.0235693
2.21382 0.0234981
2.21382 0.0234359
2.21382 0.0233814
2.21382 0.0233337
2.21382 0.023292
2.21382 0.0232555
2.21383 0.0232236
2.21383 0.0231956
2.21383 0.0231712
2.21383 0.0231498
2.21383 0.023131
2.21466 0.0232397
2.21466 0.0233347
2.21466 0.0234179
2.21466 0.0234906
2.21466 0.0235543
2.21466 0.02361
2.21466 0.0236588
2.21466 0.0237014
2.21466 0.0237387
2.21467 0.0237714
2.21467 0.0238
2.21467 0.023825
2.21467 0.0238469
2.21467 0.023866
2.21467 0.0238827
2.21467 0.0237724
2.21467 0.0236758
2.21467 0.0235914
2.21467 0.0235174
2.21467 0.0234528
2.21467 0.0233962
2.21546 0.0234716
2.21546 0.0235377
2.21546 0.0235955
2.21546 0.023646
2.21546 0.0236903
2.21546 0.023729
2.21546 0.0237629
2.21546 0.0237925
2.21546 0.0238185
2.21547 0.0238411
2.21547 0.023861
2.21547 0.0238784
2.21547 0.0238936
2.21547 0.0239069
2.21547 0.0239185
2.21547 0.0239287
2.21547 0.0239376
2.21547 0.0239454
2.21547 0.0239522
2.21547 0.0239582
2.21547 0.0239634
2.21693 0.024093
2.21693 0.0242064
2.21693 0.0243056
2.21693 0.0243924
2.21693 0.0244683
2.21693 0.0245348
2.21693 0.0245929
2.21693 0.0246438
2.21693 0.0246883
2.21693 0.0247273
2.21693 0.0247614
2.21694 0.0247912
2.21694 0.0248173
2.21694 0.0248401
2.21694 0.0248601
2.21694 0.0248776
2.21694 0.0248929
2.21694 0.0249063
2.21694 0.024918
2.21694 0.0249283
2.21694 0.0249372
2.21694 0.0249451
2.21694 0.0249519
2.21694 0.0248329
2.21694 0.0247288
2.21694 0.0246377
2.21695 0.024558
2.21695 0.0244883
2.21695 0.0244272
2.21695 0.0243738
2.21695 0.0243271
2.21695 0.0242862
2.21695 0.0242504
2.21695 0.0242191
2.21695 0.0241917
2.21695 0.0241678
2.21695 0.0241468
2.21695 0.0241284
2.21695 0.0241124
2.21695 0.0240983
2.21695 0.024086
2.21696 0.0240753
2.21841 0.0243159
2.21841 0.0245264
2.21841 0.0247106
2.21841 0.0248718
2.21841 0.0250128
2.21841 0.0251362
2.21841 0.0252442
2.21842 0.0253387
2.21842 0.0254213
2.21842 0.0254937
2.21842 0.0255569
2.21842 0.0256123
2.21842 0.0256608
2.21842 0.0257032
2.21842 0.0257403
2.21842 0.0257728
2.21842 0.0258012
2.21842 0.025826
2.21842 0.0258478
2.21842 0.0258668
2.21842 0.0258834
2.21842 0.025898
2.21843 0.0259108
2.21843 0.0257969
2.21843 0.0256973
2.21843 0.0256101
2.21843 0.0255339
2.21843 0.0254671
2.21843 0.0254087
2.21843 0.0253576
2.21843 0.0253129
2.21843 0.0252738
2.21843 0.0252396
2.21843 0.0252096
2.21843 0.0251834
2.21843 0.0251605
2.21843 0.0251404
2.21843 0.0251229
2.21844 0.0251075
2.21844 0.0250941
2.21844 0.0250823
2.21844 0.025072
2.21925 0.025188
2.21925 0.0252895
2.21925 0.0253783
2.21925 0.025456
2.21925 0.025524
2.21925 0.0255835
2.21926 0.0256356
2.21926 0.0256811
2.21926 0.025721
2.21926 0.0257559
2.21926 0.0257864
2.21926 0.0258131
2.21926 0.0258365
2.21926 0.0258569
2.21926 0.0258748
2.21926 0.0258904
2.21926 0.0259041
2.21926 0.0259161
2.21926 0.0259266
2.21926 0.0259358
2.21926 0.0259438
2.22085 0.0260758
2.22085 0.0261913
2.22085 0.0262924
2.22085 0.0263809
2.22085 0.0264583
2.22085 0.026526
2.22085 0.0265852
2.22085 0.0266371
2.22085 0.0266824
2.22086 0.0267221
2.22086 0.0267569
2.22086 0.0267873
2.22086 0.0268139
2.22086 0.0268371
2.22086 0.0268575
2.22086 0.0268753
2.22086 0.0268909
2.22086 0.0269045
2.22086 0.0269165
2.22086 0.0269269
2.22086 0.026936
2.22194 0.027069
2.22194 0.0271854
2.22194 0.0272872
2.22195 0.0273763
2.22195 0.0274543
2.22195 0.0275225
2.22195 0.0275822
2.22195 0.0276344
2.22195 0.0276801
2.22195 0.0277201
2.22195 0.0277551
2.22195 0.0277857
2.22195 0.0278125
2.22195 0.0278359
2.22195 0.0278564
2.22195 0.0278744
2.22195 0.0278901
2.22195 0.0279038
2.22195 0.0279158
2.22196 0.0279264
2.22196 0.0279356
2.22272 0.0280686
2.22272 0.028185
2.22272 0.0281619
2.22272 0.0281417
2.22272 0.028124
2.22272 0.0281085
2.22272 0.0280949
2.22272 0.028083
2.22272 0.0280727
2.22272 0.0280636
2.22272 0.0280556
2.22272 0.0280487
2.22272 0.0280426
2.22272 0.0280373
2.22273 0.0280326
2.22273 0.0280285
2.22273 0.028025
2.22273 0.0280218
2.22273 0.0280191
2.22273 0.0280167
2.22273 0.0280146
2.22411 0.0282628
2.22411 0.02848
2.22411 0.02867
2.22412 0.0288362
2.22412 0.0289817
2.22412 0.029109
2.22412 0.0292204
2.22412 0.0293178
2.22412 0.0294031
2.22412 0.0294777
2.22412 0.029543
2.22412 0.0296001
2.22412 0.0296501
2.22412 0.0296938
2.22412 0.0297321
2.22412 0.0297656
2.22412 0.0297949
2.22412 0.0298205
2.22412 0.029843
2.22413 0.0298626
2.22413 0.0298798
2.22413 0.0298948
2.22413 0.0299079
2.22413 0.0297945
2.22413 0.0296951
2.22413 0.0296083
2.22413 0.0295322
2.22413 0.0294657
2.22413 0.0294075
2.22413 0.0293565
2.22413 0.029312
2.22413 0.029273
2.22413 0.0292389
2.22413 0.029209
2.22414 0.0291829
2.22414 0.02916
2.22414 0.02914
2.22414 0.0291225
2.22414 0.0291072
2.22414 0.0290938
2.22414 0.0290821
2.22414 0.0290718
2.22555 0.0291878
2.22555 0.0292894
2.22555 0.0293782
2.22555 0.0294559
2.22555 0.0295239
2.22555 0.0295834
2.22555 0.0296355
2.22556 0.0296811
2.22556 0.0297209
2.22556 0.0297558
2.22556 0.0297863
2.22556 0.029813
2.22556 0.0298364
2.22556 0.0298569
2.22556 0.0298748
2.22556 0.0298904
2.22556 0.0299041
2.22556 0.0299161
2.22556 0.0299266
2.22556 0.0299358
2.22556 0.0299438
2.22556 0.0299508
2.22557 0.029957
2.22557 0.0298373
2.22557 0.0297327
2.22557 0.0296411
2.22557 0.029561
2.22557 0.0294908
2.22557 0.0294295
2.22557 0.0293758
2.22557 0.0293288
2.22557 0.0292877
2.22557 0.0292517
2.22557 0.0292203
2.22557 0.0291927
2.22557 0.0291687
2.22557 0.0291476
2.22557 0.0291291
2.22558 0.029113
2.22558 0.0290989
2.22558 0.0290865
2.22558 0.0290757
2.22634 0.0291912
2.22634 0.0292923
2.22634 0.0293808
2.22634 0.0294582
2.22634 0.0295259
2.22634 0.0295852
2.22634 0.029637
2.22634 0.0296824
2.22634 0.0297221
2.22634 0.0297568
2.22634 0.0297872
2.22634 0.0298138
2.22635 0.0298371
2.22635 0.0298575
2.22635 0.0298753
2.22635 0.0298909
2.22635 0.0299045
2.22635 0.0299164
2.22635 0.0299269
2.22635 0.029936
2.22635 0.029944
2.23005 0.030451
2.23005 0.0308946
2.23005 0.0311578
2.23005 0.0313881
2.23005 0.0315896
2.23005 0.0317659
2.23005 0.0319201
2.23005 0.0320551
2.23005 0.0321732
2.23005 0.0322766
2.23005 0.032367
2.23006 0.0324461
2.23006 0.0325154
2.23006 0.0325759
2.23006 0.0326289
2.23006 0.0326753
2.23006 0.0327159
2.23006 0.0327514
2.23006 0.0327825
2.23006 0.0328097
2.23006 0.0328335
2.23006 0.0328543
2.23006 0.0328725
2.23006 0.0328884
2.23006 0.0329024
2.23006 0.0329146
2.23006 0.0329253
2.23007 0.0329346
2.23007 0.0329428
2.23007 0.0329499
2.23007 0.0329562
2.23007 0.0329617
2.23007 0.0329665
2.23007 0.0329706
2.23007 0.0329743
2.23007 0.0329775
2.23007 0.0329803
2.23007 0.0329828
2.23007 0.0329849
2.23007 0.0329868
2.23007 0.0329885
2.23007 0.0329899
2.23007 0.0329912
2.23008 0.0329923
2.23008 0.0327432
2.23008 0.0325253
2.23008 0.0323347
2.23008 0.0321678
2.23008 0.0320219
2.23008 0.0318941
2.23008 0.0317824
2.23008 0.0316846
2.23008 0.031599
2.23008 0.0315241
2.23008 0.0314586
2.23008 0.0314013
2.23008 0.0313511
2.23008 0.0313072
2.23009 0.0312688
2.23009 0.0312352
2.23009 0.0312058
2.23009 0.0311801
2.23009 0.0311576
2.2301 0.0311379
2.23087 0.0311206
2.23087 0.0311056
2.23087 0.0310924
2.23087 0.0310808
2.23087 0.0310707
2.23087 0.0310619
2.23087 0.0310541
2.23088 0.0310474
2.23088 0.0310415
2.23088 0.0310363
2.23088 0.0310317
2.23088 0.0310278
2.23088 0.0310243
2.23088 0.0310213
2.23088 0.0310186
2.23088 0.0310163
2.23088 0.0310142
2.23088 0.0310125
2.23088 0.0310109
2.23088 0.0310095
2.23088 0.0310083
2.23088 0.0310073
2.23088 0.0310064
2.23089 0.0310056
2.23089 0.0310049
2.23089 0.0310043
2.23089 0.0310037
2.23089 0.0310033
2.23089 0.0310029
2.23089 0.0310025
2.23089 0.0310022
2.23089 0.0310019
2.23089 0.0310017
2.23089 0.0310015
2.23089 0.0310013
2.23089 0.0310011
2.23089 0.031001
2.23089 0.0310009
2.23089 0.0310008
2.2309 0.0310007
2.2309 0.0310006
2.23242 0.0312505
2.23242 0.0314692
2.23242 0.0316605
2.23242 0.031828
2.23242 0.0319745
2.23242 0.0321027
2.23242 0.0322148
2.23242 0.032313
2.23242 0.0323989
2.23242 0.032474
2.23242 0.0325397
2.23242 0.0325973
2.23242 0.0326476
2.23242 0.0326917
2.23243 0.0327302
2.23243 0.0327639
2.23243 0.0327934
2.23243 0.0328193
2.23243 0.0328418
2.23243 0.0328616
2.23243 0.0328789
2.23243 0.0328941
2.23243 0.0329073
2.23243 0.0329189
2.23243 0.032929
2.23243 0.0329379
2.23243 0.0329457
2.23243 0.0329524
2.23243 0.0329584
2.23243 0.0329636
2.23244 0.0329681
2.23244 0.0329721
2.23244 0.0329756
2.23244 0.0329787
2.23244 0.0329813
2.23244 0.0329837
2.23244 0.0329857
2.23244 0.0329875
2.23244 0.0329891
2.23244 0.0329904
2.23244 0.0329916
2.23244 0.0329927
2.23323 0.0331186
2.23323 0.0332288
2.23323 0.0333252
2.23323 0.0334095
2.23323 0.0334833
2.23323 0.0335479
2.23323 0.0336044
2.23323 0.0336539
2.23323 0.0336971
2.23324 0.033735
2.23324 0.0337681
2.23324 0.0337971
2.23324 0.0338225
2.23324 0.0338447
2.23324 0.0338641
2.23324 0.0338811
2.23324 0.0338959
2.23324 0.0339089
2.23324 0.0339203
2.23324 0.0339303
2.23324 0.033939
2.23463 0.0340716
2.23463 0.0341877
2.23463 0.0341642
2.23463 0.0341437
2.23463 0.0341257
2.23463 0.03411
2.23463 0.0340963
2.23463 0.0340842
2.23463 0.0340737
2.23463 0.0340645
2.23463 0.0340564
2.23463 0.0340494
2.23463 0.0340432
2.23464 0.0340378
2.23464 0.0340331
2.23464 0.0340289
2.23464 0.0340253
2.23464 0.0340222
2.23464 0.0340194
2.23464 0.034017
2.23464 0.0340148
2.23464 0.034013
2.23464 0.0340114
2.23464 0.0340099
2.23464 0.0340087
2.23464 0.0340076
2.23464 0.0340067
2.23464 0.0340058
2.23464 0.0340051
2.23465 0.0340045
2.23465 0.0340039
2.23465 0.0340034
2.23465 0.034003
2.23465 0.0340026
2.23465 0.0340023
2.23465 0.034002
2.23465 0.0340017
2.23465 0.0340015
2.23465 0.0340013
2.23465 0.0340012
2.23465 0.034001
2.23465 0.0340009
2.23545 0.0341258
2.23545 0.0342351
2.23545 0.0343307
2.23545 0.0344143
2.23545 0.0344875
2.23545 0.0345516
2.23545 0.0346077
2.23545 0.0346567
2.23545 0.0346996
2.23545 0.0347372
2.23546 0.03477
2.23546 0.0347988
2.23546 0.0348239
2.23546 0.0348459
2.23546 0.0348652
2.23546 0.034882
2.23546 0.0348968
2.23546 0.0349097
2.23546 0.034921
2.23546 0.0349308
2.23546 0.0349395
2.24014 0.0355721
2.24014 0.0361255
2.24015 0.0366099
2.24015 0.0370336
2.24015 0.0374044
2.24015 0.0377289
2.24015 0.0380128
2.24015 0.0382612
2.24015 0.0384785
2.24015 0.0386687
2.24015 0.0388351
2.24015 0.0389807
2.24015 0.0391081
2.24015 0.0392196
2.24015 0.0393172
2.24015 0.0394025
2.24015 0.0394772
2.24016 0.0395426
2.24016 0.0395997
2.24016 0.0396498
2.24016 0.0396935
2.24016 0.0397319
2.24016 0.0397654
2.24016 0.0396697
2.24016 0.039586
2.24016 0.0395127
2.24016 0.0394486
2.24016 0.0393926
2.24016 0.0393435
2.24016 0.0393006
2.24016 0.039263
2.24016 0.0392301
2.24016 0.0392013
2.24017 0.0391762
2.24017 0.0391542
2.24017 0.0391349
2.24017 0.039118
2.24017 0.0391033
2.24017 0.0390904
2.24017 0.0390791
2.24017 0.0390692
2.24017 0.0390605
2.24017 0.039053
2.24017 0.0390463
2.24017 0.0390406
2.24017 0.0390355
2.24017 0.039031
2.24017 0.0390272
2.24017 0.0390238
2.24018 0.0390208
2.24018 0.0390182
2.24018 0.0390159
2.24018 0.0390139
2.24018 0.0390122
2.24018 0.0390107
2.24018 0.0390093
2.24018 0.0390082
2.24018 0.0390071
2.24018 0.0390063
2.24018 0.0390055
2.24018 0.0390048
2.24018 0.0390042
2.24018 0.0390037
2.2402 0.0390032
2.24156 0.0391278
2.24156 0.0388618
2.24157 0.0386291
2.24157 0.0384255
2.24157 0.0382473
2.24157 0.0380914
2.24157 0.0379549
2.24157 0.0378356
2.24157 0.0377311
2.24157 0.0376397
2.24157 0.0375598
2.24157 0.0374898
2.24157 0.0374286
2.24157 0.037375
2.24157 0.0373281
2.24157 0.0372871
2.24157 0.0372512
2.24157 0.0372198
2.24158 0.0371923
2.24158 0.0371683
2.24158 0.0371473
2.24158 0.0371289
2.24158 0.0371127
2.24158 0.0370987
2.24158 0.0370863
2.24158 0.0370755
2.24158 0.0370661
2.24158 0.0370578
2.24158 0.0370506
2.24158 0.0370443
2.24158 0.0370387
2.24158 0.0370339
2.24158 0.0370297
2.24159 0.037026
2.24159 0.0370227
2.24159 0.0370199
2.24159 0.0370174
2.24159 0.0370152
2.24159 0.0370133
2.24159 0.0370116
2.24159 0.0370102
2.24159 0.0370089
2.24159 0.0370078
2.24159 0.0370068
2.24159 0.037006
2.24159 0.0370052
2.24159 0.0370046
2.24159 0.037004
2.24159 0.0370035
2.2416 0.0370031
2.2416 0.0370027
2.2416 0.0370023
2.2416 0.0370021
2.2416 0.0370018
2.2416 0.0370016
2.2416 0.0370014
2.2416 0.0370012
2.2416 0.0370011
2.2416 0.0370009
2.2416 0.0370008
2.2416 0.0370007
2.2416 0.0370006
2.2416 0.0370005
2.24162 0.0370005
2.24295 0.0371254
2.24295 0.0372347
2.24295 0.0373304
2.24295 0.0374141
2.24295 0.0374873
2.24295 0.0375514
2.24295 0.0376075
2.24295 0.0376565
2.24295 0.0376995
2.24295 0.037737
2.24295 0.0377699
2.24295 0.0377987
2.24296 0.0378238
2.24296 0.0378459
2.24296 0.0378651
2.24296 0.037882
2.24296 0.0378967
2.24296 0.0379096
2.24296 0.0379209
2.24296 0.0379308
2.24296 0.0379395
2.24296 0.037947
2.24296 0.0379537
2.24296 0.0379594
2.24296 0.0379645
2.24296 0.037969
2.24296 0.0379728
2.24297 0.0379762
2.24297 0.0379792
2.24297 0.0379818
2.24297 0.0379841
2.24297 0.0379861
2.24297 0.0379878
2.24297 0.0379893
2.24297 0.0379907
2.24297 0.0379918
2.24297 0.0379929
2.24297 0.0379937
2.24297 0.0379945
2.24297 0.0379952
2.24297 0.0379958
2.24297 0.0379963
2.24297 0.0379968
2.24298 0.0379972
2.24298 0.0379975
2.24298 0.0379978
2.24298 0.0379981
2.24298 0.0379984
2.24298 0.0379986
2.24298 0.0379987
2.24298 0.0379989
2.24298 0.037999
2.24298 0.0379992
2.24298 0.0379993
2.24298 0.0379994
2.24298 0.0379994
2.24298 0.0379995
2.24298 0.0379996
2.24298 0.0379996
2.24299 0.0379997
2.24299 0.0379997
2.24439 0.0382497
2.24439 0.0384685
2.24439 0.03866
2.24439 0.0388275
2.24439 0.038974
2.24439 0.0391023
2.24439 0.0392145
2.24439 0.0393127
2.2444 0.0393986
2.2444 0.0394738
2.2444 0.0395395
2.2444 0.0395971
2.2444 0.0396475
2.2444 0.0396915
2.2444 0.0397301
2.2444 0.0397638
2.2444 0.0397933
2.2444 0.0398192
2.2444 0.0398418
2.2444 0.0398616
2.2444 0.0398789
2.2444 0.039894
2.2444 0.0399073
2.2444 0.0399188
2.24441 0.039929
2.24441 0.0399379
2.24441 0.0399456
2.24441 0.0399524
2.24441 0.0399584
2.24441 0.0399636
2.24441 0.0399681
2.24441 0.0399721
2.24441 0.0399756
2.24441 0.0399786
2.24441 0.0399813
2.24441 0.0399837
2.24441 0.0399857
2.24441 0.0399875
2.24441 0.039989
2.24442 0.0399904
2.24442 0.0399916
2.24442 0.0399927
2.24527 0.0401186
2.24527 0.0402288
2.24527 0.0402002
2.24527 0.0401751
2.24527 0.0401532
2.24527 0.0401341
2.24527 0.0401173
2.24527 0.0401027
2.24527 0.0400898
2.24527 0.0400786
2.24527 0.0400688
2.24527 0.0400602
2.24527 0.0400527
2.24527 0.0400461
2.24528 0.0400403
2.24528 0.0400353
2.24528 0.0400309
2.24528 0.040027
2.24528 0.0400236
2.24528 0.0400207
2.24528 0.0400181
2.24667 0.0401408
